Source
- World: parkour encoding
- Route sampled at: y=0, z=0, x=0..431
- Rule: diamond_block = 1, air = 0

Raw bits
011100000110100101101110011001110111101101100110011011000011010001100111010111110011000101110011010111110101011101101000001101000111010000110011010101100011001101010010010111110101100100110000011101010101111101110111001101000110111001010100010111110011000101011111011010000011000001110000001100110101111101111001001100000111010101011111011001000011000001101110011101000101111101110101011100110011001101011111001101000011000101111101

Bytes
01110000 01101001 01101110 01100111 01111011 01100110 01101100 00110100 01100111 01011111 00110001 01110011 01011111 01010111 01101000 00110100 01110100 00110011 01010110 00110011 01010010 01011111 01011001 00110000 01110101 01011111 01110111 00110100 01101110 01010100 01011111 00110001 01011111 01101000 00110000 01110000 00110011 01011111 01111001 00110000 01110101 01011111 01100100 00110000 01101110 01110100 01011111 01110101 01110011 00110011 01011111 00110100 00110001 01111101

ASCII
ping{fl4g_1s_Wh4t3V3R_Y0u_w4nT_1_h0p3_y0u_d0nt_us3_41}
